2000388617553
2000388617553
2000388617553
2000388617737
2000388617737
2000388617737
2000388617829
2000388617829
2000388617829
2000388617867
2000388617867
2000388617867
2000388617867
2000390757445
2000390757445
2000390757445
2000390757445
2000390757445
2000390757445
2000390757445
2000390757445
2000390757612
2000390757612
2000390757612
2000390757612
2000390757612
2000390757612
2000390757612
2000390757698
2000390757698
2000390757698
2000390757698
2000390757698
2000390757698
2000390757698
2000390757773
2000390757773
2000390757773
2000390757773
2000390757773
2000390757773
2000390757773
2000390757858
2000390757858
2000390757858
2000390757858
2000390757858
2000390757858
2000390757858
2000390757933
2000390757933
2000390757933
2000390757933
2000390757933
2000390757933
2000390757933
